80
0 23 1 
23 29 1 
1 29 2 
29 30 2 
2 30 15 
30 31 15 
15 31 16 
31 32 16 
16 32 17 
32 33 17 
17 33 3 
33 34 3 
3 34 21 
34 35 21 
21 35 4 
35 26 4 
23 24 29 
24 36 29 
29 36 30 
36 37 30 
30 37 31 
37 38 31 
31 38 32 
38 39 32 
32 39 33 
39 40 33 
33 40 34 
40 41 34 
34 41 35 
41 42 35 
35 42 26 
42 27 26 
24 25 36 
25 43 36 
36 43 37 
43 44 37 
37 44 38 
44 45 38 
38 45 39 
45 46 39 
39 46 40 
46 47 40 
40 47 41 
47 48 41 
41 48 42 
48 49 42 
42 49 27 
49 28 27 
25 5 43 
5 6 43 
43 6 44 
6 7 44 
44 7 45 
7 18 45 
45 18 46 
18 19 46 
46 19 47 
19 20 47 
47 20 48 
20 8 48 
48 8 49 
8 22 49 
49 22 28 
22 9 28 
5 50 6 
50 52 6 
6 52 7 
52 51 7 
50 10 52 
10 11 52 
52 11 51 
11 12 51 
8 54 22 
54 56 22 
22 56 9 
56 55 9 
54 13 56 
13 53 56 
56 53 55 
53 14 55 
