399
4
0 10 15 17 
4
15 81 16 86 
4
16 12 6 22 
4
10 11 81 82 
4
81 13 12 83 
4
11 8 13 21 
4
17 82 86 18 
4
86 83 22 23 
4
82 21 83 20 
4
18 20 23 7 
4
15 10 82 17 
4
15 10 82 81 
4
15 86 82 17 
4
15 86 82 81 
4
16 81 83 86 
4
16 81 83 12 
4
16 22 83 86 
4
16 22 83 12 
4
81 11 21 82 
4
81 11 21 13 
4
81 83 21 82 
4
81 83 21 13 
4
86 82 20 18 
4
86 82 20 83 
4
86 23 20 18 
4
86 23 20 83 
4
1 25 33 37 
4
33 87 34 105 
4
34 90 35 106 
4
35 92 36 107 
4
36 29 8 48 
4
25 26 87 93 
4
87 88 90 143 
4
90 91 92 144 
4
92 30 29 104 
4
26 27 88 94 
4
88 89 91 145 
4
91 31 30 103 
4
27 28 89 95 
4
89 32 31 101 
4
28 9 32 44 
4
37 93 105 38 
4
105 143 106 108 
4
106 144 107 109 
4
107 104 48 47 
4
93 94 143 96 
4
143 145 144 146 
4
144 103 104 102 
4
94 95 145 97 
4
145 101 103 100 
4
95 44 101 43 
4
38 96 108 39 
4
108 146 109 110 
4
109 102 47 46 
4
96 97 146 98 
4
146 100 102 99 
4
97 43 100 42 
4
39 98 110 40 
4
110 99 46 45 
4
98 42 99 41 
4
40 41 45 4 
4
33 25 93 37 
4
33 25 93 87 
4
33 105 93 37 
4
33 105 93 87 
4
34 87 143 105 
4
34 87 143 90 
4
34 106 143 105 
4
34 106 143 90 
4
35 90 144 106 
4
35 90 144 92 
4
35 107 144 106 
4
35 107 144 92 
4
36 92 104 107 
4
36 92 104 29 
4
36 48 104 107 
4
36 48 104 29 
4
87 26 94 93 
4
87 26 94 88 
4
87 143 94 93 
4
87 143 94 88 
4
90 88 145 143 
4
90 88 145 91 
4
90 144 145 143 
4
90 144 145 91 
4
92 91 103 144 
4
92 91 103 30 
4
92 104 103 144 
4
92 104 103 30 
4
88 27 95 94 
4
88 27 95 89 
4
88 145 95 94 
4
88 145 95 89 
4
91 89 101 145 
4
91 89 101 31 
4
91 103 101 145 
4
91 103 101 31 
4
89 28 44 95 
4
89 28 44 32 
4
89 101 44 95 
4
89 101 44 32 
4
105 93 96 38 
4
105 93 96 143 
4
105 108 96 38 
4
105 108 96 143 
4
106 143 146 108 
4
106 143 146 144 
4
106 109 146 108 
4
106 109 146 144 
4
107 144 102 109 
4
107 144 102 104 
4
107 47 102 109 
4
107 47 102 104 
4
143 94 97 96 
4
143 94 97 145 
4
143 146 97 96 
4
143 146 97 145 
4
144 145 100 146 
4
144 145 100 103 
4
144 102 100 146 
4
144 102 100 103 
4
145 95 43 97 
4
145 95 43 101 
4
145 100 43 97 
4
145 100 43 101 
4
108 96 98 39 
4
108 96 98 146 
4
108 110 98 39 
4
108 110 98 146 
4
109 146 99 110 
4
109 146 99 102 
4
109 46 99 110 
4
109 46 99 102 
4
146 97 42 98 
4
146 97 42 100 
4
146 99 42 98 
4
146 99 42 100 
4
110 98 41 40 
4
110 98 41 99 
4
110 45 41 40 
4
110 45 41 99 
4
2 49 54 56 
4
54 111 55 114 
4
55 53 9 62 
4
49 50 111 112 
4
111 52 53 113 
4
50 6 52 59 
4
56 112 114 57 
4
114 113 62 61 
4
112 59 113 58 
4
57 58 61 5 
4
54 49 112 56 
4
54 49 112 111 
4
54 114 112 56 
4
54 114 112 111 
4
55 111 113 114 
4
55 111 113 53 
4
55 62 113 114 
4
55 62 113 53 
4
111 50 59 112 
4
111 50 59 52 
4
111 113 59 112 
4
111 113 59 52 
4
114 112 58 57 
4
114 112 58 113 
4
114 61 58 57 
4
114 61 58 113 
4
4 63 69 73 
4
69 115 70 120 
4
70 68 7 77 
4
63 64 115 118 
4
115 67 68 119 
4
64 5 67 75 
4
73 118 120 72 
4
120 119 77 76 
4
118 75 119 74 
4
72 74 76 3 
4
69 63 118 73 
4
69 63 118 115 
4
69 120 118 73 
4
69 120 118 115 
4
70 115 119 120 
4
70 115 119 68 
4
70 77 119 120 
4
70 77 119 68 
4
115 64 75 118 
4
115 64 75 67 
4
115 119 75 118 
4
115 119 75 67 
4
120 118 74 72 
4
120 118 74 119 
4
120 76 74 72 
4
120 76 74 119 
4
8 21 29 14 
4
29 123 30 129 
4
30 122 31 128 
4
31 80 9 53 
4
21 20 123 84 
4
123 121 122 147 
4
122 79 80 125 
4
20 19 121 85 
4
121 78 79 126 
4
19 7 78 24 
4
14 84 129 13 
4
129 147 128 127 
4
128 125 53 52 
4
84 85 147 83 
4
147 126 125 124 
4
85 24 126 23 
4
13 83 127 12 
4
127 124 52 51 
4
83 23 124 22 
4
12 22 51 6 
4
29 21 84 14 
4
29 21 84 123 
4
29 129 84 14 
4
29 129 84 123 
4
30 123 147 129 
4
30 123 147 122 
4
30 128 147 129 
4
30 128 147 122 
4
31 122 125 128 
4
31 122 125 80 
4
31 53 125 128 
4
31 53 125 80 
4
123 20 85 84 
4
123 20 85 121 
4
123 147 85 84 
4
123 147 85 121 
4
122 121 126 147 
4
122 121 126 79 
4
122 125 126 147 
4
122 125 126 79 
4
121 19 24 85 
4
121 19 24 78 
4
121 126 24 85 
4
121 126 24 78 
4
129 84 83 13 
4
129 84 83 147 
4
129 127 83 13 
4
129 127 83 147 
4
128 147 124 127 
4
128 147 124 125 
4
128 52 124 127 
4
128 52 124 125 
4
147 85 23 83 
4
147 85 23 126 
4
147 124 23 83 
4
147 124 23 126 
4
127 83 22 12 
4
127 83 22 124 
4
127 51 22 12 
4
127 51 22 124 
4
7 68 78 24 
4
78 132 79 126 
4
79 62 9 53 
4
68 67 132 133 
4
132 61 62 113 
4
67 5 61 58 
4
24 133 126 23 
4
126 113 53 52 
4
133 58 113 59 
4
23 59 52 6 
4
78 68 133 24 
4
78 68 133 132 
4
78 126 133 24 
4
78 126 133 132 
4
79 132 113 126 
4
79 132 113 62 
4
79 53 113 126 
4
79 53 113 62 
4
132 67 58 133 
4
132 67 58 61 
4
132 113 58 133 
4
132 113 58 61 
4
126 133 59 23 
4
126 133 59 113 
4
126 52 59 23 
4
126 52 59 113 
4
8 21 29 48 
4
29 123 30 104 
4
30 122 31 103 
4
31 80 9 44 
4
21 20 123 135 
4
123 121 122 148 
4
122 79 80 138 
4
20 19 121 136 
4
121 78 79 139 
4
19 7 78 71 
4
48 135 104 47 
4
104 148 103 102 
4
103 138 44 43 
4
135 136 148 134 
4
148 139 138 137 
4
136 71 139 70 
4
47 134 102 46 
4
102 137 43 42 
4
134 70 137 69 
4
46 69 42 4 
4
29 21 135 48 
4
29 21 135 123 
4
29 104 135 48 
4
29 104 135 123 
4
30 123 148 104 
4
30 123 148 122 
4
30 103 148 104 
4
30 103 148 122 
4
31 122 138 103 
4
31 122 138 80 
4
31 44 138 103 
4
31 44 138 80 
4
123 20 136 135 
4
123 20 136 121 
4
123 148 136 135 
4
123 148 136 121 
4
122 121 139 148 
4
122 121 139 79 
4
122 138 139 148 
4
122 138 139 79 
4
121 19 71 136 
4
121 19 71 78 
4
121 139 71 136 
4
121 139 71 78 
4
104 135 134 47 
4
104 135 134 148 
4
104 102 134 47 
4
104 102 134 148 
4
103 148 137 102 
4
103 148 137 138 
4
103 43 137 102 
4
103 43 137 138 
4
148 136 70 134 
4
148 136 70 139 
4
148 137 70 134 
4
148 137 70 139 
4
102 134 69 46 
4
102 134 69 137 
4
102 42 69 46 
4
102 42 69 137 
4
7 68 78 71 
4
78 132 79 139 
4
79 131 80 138 
4
80 62 9 44 
4
68 67 132 116 
4
132 130 131 149 
4
131 61 62 141 
4
67 66 130 117 
4
130 60 61 142 
4
66 5 60 65 
4
71 116 139 70 
4
139 149 138 137 
4
138 141 44 43 
4
116 117 149 115 
4
149 142 141 140 
4
117 65 142 64 
4
70 115 137 69 
4
137 140 43 42 
4
115 64 140 63 
4
69 63 42 4 
4
78 68 116 71 
4
78 68 116 132 
4
78 139 116 71 
4
78 139 116 132 
4
79 132 149 139 
4
79 132 149 131 
4
79 138 149 139 
4
79 138 149 131 
4
80 131 141 138 
4
80 131 141 62 
4
80 44 141 138 
4
80 44 141 62 
4
132 67 117 116 
4
132 67 117 130 
4
132 149 117 116 
4
132 149 117 130 
4
131 130 142 149 
4
131 130 142 61 
4
131 141 142 149 
4
131 141 142 61 
4
130 66 65 117 
4
130 66 65 60 
4
130 142 65 117 
4
130 142 65 60 
4
139 116 115 70 
4
139 116 115 149 
4
139 137 115 70 
4
139 137 115 149 
4
138 149 140 137 
4
138 149 140 141 
4
138 43 140 137 
4
138 43 140 141 
4
149 117 64 115 
4
149 117 64 142 
4
149 140 64 115 
4
149 140 64 142 
4
137 115 63 69 
4
137 115 63 140 
4
137 42 63 69 
4
137 42 63 140 
