79
4
8 10 11 0 
4
10 12 11 0 
4
11 12 7 0 
4
10 6 12 0 
4
1 13 17 19 
4
17 34 18 37 
4
18 15 8 24 
4
13 14 34 35 
4
34 16 15 36 
4
14 9 16 22 
4
19 35 37 20 
4
37 36 24 23 
4
35 22 36 21 
4
20 21 23 4 
4
17 13 35 19 
4
17 13 35 34 
4
17 37 35 19 
4
17 37 35 34 
4
18 34 36 37 
4
18 34 36 15 
4
18 24 36 37 
4
18 24 36 15 
4
34 14 22 35 
4
34 14 22 16 
4
34 36 22 35 
4
34 36 22 16 
4
37 35 21 20 
4
37 35 21 36 
4
37 23 21 20 
4
37 23 21 36 
4
9 25 26 2 
4
25 6 26 2 
4
26 6 5 2 
4
4 27 29 30 
4
29 28 7 32 
4
27 5 28 31 
4
30 31 32 3 
4
29 27 31 30 
4
29 27 31 28 
4
29 32 31 30 
4
29 32 31 28 
4
8 11 15 10 
4
15 16 33 25 
4
16 9 33 25 
4
11 7 33 12 
4
10 12 25 6 
4
15 11 12 10 
4
15 11 12 33 
4
15 25 12 10 
4
15 25 12 33 
4
7 33 28 12 
4
33 26 28 25 
4
28 26 5 6 
4
33 12 28 25 
4
28 25 26 6 
4
12 25 28 6 
4
33 9 26 25 
4
8 15 24 11 
4
24 36 23 29 
4
23 21 4 29 
4
15 16 36 33 
4
36 22 21 33 
4
16 9 22 33 
4
15 36 24 11 
4
36 21 23 29 
4
16 22 36 33 
4
11 33 29 36 
4
11 29 36 24 
4
11 33 36 15 
4
29 33 36 21 
4
7 28 33 29 
4
9 22 33 26 
4
22 21 33 26 
4
28 5 26 27 
4
29 27 21 4 
4
33 28 27 29 
4
33 28 27 26 
4
33 21 27 29 
4
33 21 27 26 
