173
3
0 21 1 
3
21 22 1 
3
21 6 22 
3
0 23 21 
3
21 25 6 
3
23 24 25 
3
23 5 24 
3
25 21 23 
3
1 22 28 
3
28 26 2 
3
22 27 26 
3
22 6 27 
3
26 28 22 
3
6 29 27 
3
29 30 27 
3
27 78 26 
3
26 32 2 
3
30 31 78 
3
78 33 32 
3
31 7 33 
3
78 27 30 
3
32 26 78 
3
33 78 31 
3
2 32 35 
3
32 33 35 
3
35 34 8 
3
33 7 34 
3
34 35 33 
3
2 35 3 
3
35 8 3 
3
3 8 4 
3
8 9 4 
3
5 36 24 
3
24 79 25 
3
25 38 6 
3
36 37 79 
3
79 39 38 
3
37 40 39 
3
37 11 40 
3
79 24 36 
3
38 25 79 
3
39 79 37 
3
11 41 40 
3
40 80 39 
3
39 81 38 
3
38 44 6 
3
41 42 80 
3
80 82 81 
3
81 45 44 
3
42 43 82 
3
82 46 45 
3
43 47 46 
3
43 12 47 
3
80 40 41 
3
81 39 80 
3
44 38 81 
3
82 80 42 
3
45 81 82 
3
46 82 43 
3
6 44 52 
3
52 83 53 
3
53 84 54 
3
54 85 55 
3
55 48 10 
3
44 45 83 
3
83 86 84 
3
84 87 85 
3
85 49 48 
3
45 46 86 
3
86 88 87 
3
87 50 49 
3
46 47 88 
3
88 51 50 
3
47 12 51 
3
83 52 44 
3
84 53 83 
3
85 54 84 
3
48 55 85 
3
86 83 45 
3
87 84 86 
3
49 85 87 
3
88 86 46 
3
50 87 88 
3
51 88 47 
3
6 52 29 
3
52 53 29 
3
29 89 30 
3
30 90 31 
3
31 56 7 
3
53 54 89 
3
89 91 90 
3
90 57 56 
3
54 55 91 
3
91 58 57 
3
55 10 58 
3
89 29 53 
3
90 30 89 
3
56 31 90 
3
91 89 54 
3
57 90 91 
3
58 91 55 
3
12 59 51 
3
51 92 50 
3
50 93 49 
3
49 62 48 
3
62 10 48 
3
59 60 92 
3
92 94 93 
3
93 63 62 
3
60 61 94 
3
94 64 63 
3
61 13 64 
3
92 51 59 
3
93 50 92 
3
62 49 93 
3
94 92 60 
3
63 93 94 
3
64 94 61 
3
10 62 58 
3
62 63 58 
3
58 95 57 
3
57 65 56 
3
65 7 56 
3
63 64 95 
3
95 66 65 
3
64 13 66 
3
95 58 63 
3
65 57 95 
3
66 95 64 
3
7 65 34 
3
65 66 34 
3
34 67 8 
3
66 13 67 
3
67 34 66 
3
13 14 67 
3
14 8 67 
3
8 14 15 
3
8 15 9 
3
11 68 70 
3
70 69 71 
3
69 17 71 
3
68 16 69 
3
69 70 68 
3
11 70 41 
3
41 96 42 
3
42 72 43 
3
72 12 43 
3
70 71 96 
3
96 73 72 
3
71 17 73 
3
96 41 70 
3
72 42 96 
3
73 96 71 
3
12 72 59 
3
59 97 60 
3
60 74 61 
3
74 13 61 
3
72 73 97 
3
97 75 74 
3
73 17 75 
3
97 59 72 
3
74 60 97 
3
75 97 73 
3
17 76 75 
3
75 77 74 
3
77 13 74 
3
76 18 77 
3
77 75 76 
3
13 77 19 
3
77 18 19 
3
13 19 14 
3
14 19 15 
3
19 20 15 
