38
-200 -200 0
0 200 0
200 -200 0
0 0 400
0 100 200
100 -100 200
0 -200 0
-100 -100 200
-100 0 0
100 0 0
-50 -100 0
-100 -50 100
-50 -150 100
33.333333333333336 133.33333333333334 0
66.66666666666667 66.66666666666667 0
-33.333333333333336 0 0
33.333333333333336 0 0
-33.333333333333336 133.33333333333334 0
-66.66666666666667 66.66666666666667 0
0 166.66666666666666 66.66666666666667
0 133.33333333333334 133.33333333333334
33.333333333333336 66.66666666666667 133.33333333333334
66.66666666666667 33.333333333333336 66.66666666666667
-33.333333333333336 66.66666666666667 133.33333333333334
-66.66666666666667 33.333333333333336 66.66666666666667
50 -100 0
100 -50 100
50 0 200
0 -100 200
-50 0 200
0 50 300
50 -50 300
-50 -50 300
0 -50 100
0 66.66666666666669 0
33.33333333333333 100.00000000000001 66.66666666666666
0 33.33333333333334 66.66666666666669
-33.33333333333333 100.00000000000001 66.66666666666666
