98
0 0
3 0
6 0
8 0
10 0
0 2
3 2
6 2
8 2
10 2
4 3
0 4
3 4
6 4
8 4
10 4
0 6
3 6
6 6
8 6
10 6
1.5 1
3 1
0 1
1 2
2 2
5 0.6666666666666666
4 1.3333333333333333
4.5 0
3.75 2
4.5 2
5.25 2
6 0.6666666666666666
6 1.3333333333333333
7 2
7 1
0 2.6666666666666665
0 3.3333333333333335
2.25 2.5
1.5 3
0.75 3.5
0.75 4
1.5 4
2.25 4
3 2.4
3 2.8
3 3.2
3 3.6
3.8 3.2
3.6 3.4
3.4 3.6
3.2 3.8
3.2 2.2
3.4 2.4
3.6 2.6
3.8 2.8
5.5 2.25
5 2.5
4.5 2.75
3.75 4
4.5 4
5.25 4
4.5 3.25
5 3.5
5.5 3.75
6 2.6666666666666665
6 3.3333333333333335
7 3
0 5
1.5 6
1 4.666666666666667
2 5.333333333333333
3 4.666666666666667
3 5.333333333333333
5 4.666666666666667
4 5.333333333333333
4.5 6
6 5
5.25 1.3333333333333333
1.125 2.583333333333333
1.5 3.466666666666667
2.25 2.9333333333333336
2.25 3.4
3.2 2.5999999999999996
3.4 2.8
3.5999999999999996 3.0000000000000004
3.1999999999999997 3
3.4 3.1999999999999997
3.2 3.4000000000000004
4.1000000000000005 2.35
4.8 2.3000000000000003
4.3 2.55
4 3.75
4.25 3.5
4.75 3.75
5.5 3.083333333333333
2 4.666666666666667
4 4.666666666666667
