143
-200 -200 0
0 200 0
200 -200 0
0 0 400
0 100 200
100 -100 200
0 -200 0
-100 -100 200
-100 0 0
100 0 0
-166.66666666666666 -133.33333333333334 0
-133.33333333333334 -66.66666666666667 0
-25 -150 0
-50 -100 0
-75 -50 0
-133.33333333333334 -200 0
-66.66666666666667 -200 0
-166.66666666666666 -166.66666666666666 66.66666666666667
-133.33333333333334 -133.33333333333334 133.33333333333334
-100 -75 150
-100 -50 100
-100 -25 50
-25 -175 50
-50 -150 100
-75 -125 150
20 160 0
40 120 0
60 80 0
80 40 0
-60 0 0
-20 0 0
20 0 0
60 0 0
-20 160 0
-40 120 0
-60 80 0
-80 40 0
0 180 40
0 160 80
0 140 120
0 120 160
20 80 160
40 60 120
60 40 80
80 20 40
-20 80 160
-40 60 120
-60 40 80
-80 20 40
133.33333333333334 -200 0
66.66666666666667 -200 0
25 -150 0
50 -100 0
75 -50 0
166.66666666666666 -133.33333333333334 0
133.33333333333334 -66.66666666666667 0
166.66666666666666 -166.66666666666666 66.66666666666667
133.33333333333334 -133.33333333333334 133.33333333333334
66.66666666666667 -133.33333333333334 133.33333333333334
33.333333333333336 -166.66666666666666 66.66666666666667
100 -75 150
100 -50 100
100 -25 50
25 50 200
50 0 200
75 -50 200
50 -100 200
0 -100 200
-50 -100 200
-25 50 200
-50 0 200
-75 -50 200
0 33.333333333333336 333.3333333333333
0 66.66666666666667 266.6666666666667
33.333333333333336 -33.333333333333336 333.3333333333333
66.66666666666667 -66.66666666666667 266.6666666666667
-33.333333333333336 -33.333333333333336 333.3333333333333
-66.66666666666667 -66.66666666666667 266.6666666666667
-50 -75 150
0 -50 100
50 -25 50
-50 -100 0
-100 -50 100
-66.66666666666666 -100.00000000000001 66.66666666666666
-99.99999999999999 -66.66666666666667 133.33333333333331
0 0 0
-50 -150 100
0 100 0
0 0 0
-50 0 0
0 0 0
0 0 0
0 0 0
25 125 50
0 0 0
25 75 150
0 0 0
0 0 0
0 0 0
0 50 100
0 0 0
-50 0 0
0 0 0
0 0 0
0 0 0
-25 125 50
0 0 0
-25 75 150
0 0 0
0 0 0
0 0 0
50 -100 0
50 -150 100
50 -100 0
100 -50 100
0 -33.333333333333314 200
33.33333333333333 -99.99999999999999 199.99999999999997
0 0 0
50 0 200
0 -100 200
-50 0 200
-33.33333333333334 -33.33333333333334 66.66666666666669
-33.333333333333336 -5.551115123125783E-15 1.1102230246251565E-14
0 0 0
0 -100.00000000000001 66.66666666666666
-33.33333333333333 -66.66666666666667 133.33333333333331
0 0 0
0 -66.66666666666669 0
-33.33333333333333 -1.1102230246251565E-14 0
0 0 0
33.33333333333334 -66.66666666666667 133.33333333333334
-33.33333333333332 -66.66666666666666 133.33333333333331
0 0 0
-50 -150 100
-66.66666666666666 1.4210854715202004E-14 133.33333333333334
-99.99999999999999 -66.66666666666666 133.33333333333331
0 0 0
0 1.4210854715202004E-14 133.33333333333334
-33.33333333333333 -66.66666666666666 133.33333333333331
0 0 0
66.66666666666666 1.4210854715202004E-14 133.33333333333334
99.99999999999999 -66.66666666666666 133.33333333333331
0 0 0
