57
0 0
2 0
4 0
6 0
8 0
0 1.5
1 1.75
2 2
6 2
8 1.5
0 3
1 4
2 4
6 2.5
8 3
4.5 0
5 0
5.5 0
3 2
4 2
5 2
7.2 0
7.2 1.7
0 0.18461538461538463
0 0.46153846153846156
0 0.8769230769230769
8 0.18461538461538463
8 0.46153846153846156
8 0.8769230769230769
1.876923076923077 0.2153846153846154
3.753846153846154 0.24615384615384617
4.315384615384615 0.24615384615384617
4.876923076923077 0.24615384615384614
5.438461538461539 0.24615384615384614
6 0.24615384615384617
7.2 0.20923076923076922
1.6923076923076923 0.5384615384615384
3.3846153846153846 0.6153846153846153
4.038461538461538 0.6153846153846154
4.6923076923076925 0.6153846153846154
5.346153846153846 0.6153846153846154
6 0.6153846153846154
7.2 0.5230769230769231
1.4153846153846152 1.0230769230769232
2.830769230769231 1.169230769230769
3.623076923076923 1.169230769230769
4.415384615384616 1.1692307692307693
5.207692307692308 1.169230769230769
6 1.1692307692307693
7.2 0.9938461538461537
0 2.25
2 3
1 2.875
7.2 2.8
6 2.25
8 2.25
7.2 2.25
